radix 1 1 1 1 1 1 1 1 1 1 1 1 1 1 1 1 1 1 1 1 1 1 1 1 1 1
vname A[7:0] B[7:0] Cin S[7:0] Cout
io i i i i i i i i i i i i i i i i i o o o o o o o o o
tunit ps
trise 50
tfall 50
vih 1
vil 0
voh 0.95
vol 0.01

0 01000110 10011101 0 XXXXXXXX X
1000 01000110 10011101 0 11100011 0
1300 10001000 10110110 0 XXXXXXXX X
2300 10001000 10110110 0 00111110 1
2600 11011001 01001010 0 XXXXXXXX X
3600 11011001 01001010 0 00100011 1
3900 00001110 11011100 0 XXXXXXXX X
4900 00001110 11011100 0 11101010 0
5200 00111101 10101111 0 XXXXXXXX X
6200 00111101 10101111 0 11101100 0
6500 11000000 10101111 1 XXXXXXXX X
7500 11000000 10101111 1 01110000 1
7800 01111001 00110101 1 XXXXXXXX X
8800 01111001 00110101 1 10101111 0
9100 11011001 01101101 1 XXXXXXXX X
10100 11011001 01101101 1 01000111 1
10400 00000010 11000110 0 XXXXXXXX X
11400 00000010 11000110 0 11001000 0
11700 01100111 00001111 0 XXXXXXXX X
12700 01100111 00001111 0 01110110 0
13000 11110010 01111001 0 XXXXXXXX X
14000 11110010 01111001 0 01101011 1
14300 10110110 11100110 1 XXXXXXXX X
15300 10110110 11100110 1 10011101 1
15600 10001011 00011100 0 XXXXXXXX X
16600 10001011 00011100 0 10100111 0
16900 00111011 01111001 1 XXXXXXXX X
17900 00111011 01111001 1 10110101 0
18200 11110101 00111110 0 XXXXXXXX X
19200 11110101 00111110 0 00110011 1
19500 01000000 11100101 1 XXXXXXXX X
20500 01000000 11100101 1 00100110 1
20800 11001000 10100010 1 XXXXXXXX X
21800 11001000 10100010 1 01101011 1
22100 10111111 01011001 0 XXXXXXXX X
23100 10111111 01011001 0 00011000 1
23400 10001000 01011101 1 XXXXXXXX X
24400 10001000 01011101 1 11100110 0
24700 10101110 01010100 0 XXXXXXXX X
25700 10101110 01010100 0 00000010 1
26000 10001000 01000010 1 XXXXXXXX X
27000 10001000 01000010 1 11001011 0
27300 01011100 01101010 0 XXXXXXXX X
28300 01011100 01101010 0 11000110 0
28600 00111000 10101101 0 XXXXXXXX X
29600 00111000 10101101 0 11100101 0
29900 00110110 10000110 1 XXXXXXXX X
30900 00110110 10000110 1 10111101 0
31200 01111100 00111011 0 XXXXXXXX X
32200 01111100 00111011 0 10110111 0
32500 01011111 01111100 0 XXXXXXXX X
33500 01011111 01111100 0 11011011 0
33800 00001000 11000110 0 XXXXXXXX X
34800 00001000 11000110 0 11001110 0
35100 10101100 11101111 1 XXXXXXXX X
36100 10101100 11101111 1 10011100 1
36400 00101001 10000100 1 XXXXXXXX X
37400 00101001 10000100 1 10101110 0
37700 00101111 00100100 1 XXXXXXXX X
38700 00101111 00100100 1 01010100 0
39000 10110010 10011111 0 XXXXXXXX X
40000 10110010 10011111 0 01010001 1
40300 01000111 00001100 0 XXXXXXXX X
41300 01000111 00001100 0 01010011 0
41600 10101001 11010000 1 XXXXXXXX X
42600 10101001 11010000 1 01111010 1
42900 10011001 01111001 0 XXXXXXXX X
43900 10011001 01111001 0 00010010 1
44200 00111100 01101001 0 XXXXXXXX X
45200 00111100 01101001 0 10100101 0
45500 00011100 11000011 0 XXXXXXXX X
46500 00011100 11000011 0 11011111 0
46800 00010011 01000110 1 XXXXXXXX X
47800 00010011 01000110 1 01011010 0
48100 11000111 01000001 0 XXXXXXXX X
49100 11000111 01000001 0 00001000 1
49400 10111110 11011111 0 XXXXXXXX X
50400 10111110 11011111 0 10011101 1
50700 11100101 01101001 1 XXXXXXXX X
51700 11100101 01101001 1 01001111 1
52000 00111010 10101111 0 XXXXXXXX X
53000 00111010 10101111 0 11101001 0
53300 00101110 01011011 1 XXXXXXXX X
54300 00101110 01011011 1 10001010 0
54600 10010010 10110000 0 XXXXXXXX X
55600 10010010 10110000 0 01000010 1
55900 00101011 10001010 0 XXXXXXXX X
56900 00101011 10001010 0 10110101 0
57200 11101001 11000111 1 XXXXXXXX X
58200 11101001 11000111 1 10110001 1
58500 10010000 11100101 1 XXXXXXXX X
59500 10010000 11100101 1 01110110 1
59800 11110100 11101010 0 XXXXXXXX X
60800 11110100 11101010 0 11011110 1
61100 00001110 11010000 1 XXXXXXXX X
62100 00001110 11010000 1 11011111 0
62400 11111000 00000011 0 XXXXXXXX X
63400 11111000 00000011 0 11111011 0
63700 11010010 11110100 1 XXXXXXXX X
64700 11010010 11110100 1 11000111 1
65000 11101110 10001111 0 XXXXXXXX X
66000 11101110 10001111 0 01111101 1
66300 10101110 10110011 1 XXXXXXXX X
67300 10101110 10110011 1 01100010 1
67600 01001000 10111010 0 XXXXXXXX X
68600 01001000 10111010 0 00000010 1
68900 00000101 11100111 1 XXXXXXXX X
69900 00000101 11100111 1 11101101 0
70200 10111101 00101100 1 XXXXXXXX X
71200 10111101 00101100 1 11101010 0
71500 00100011 00100100 0 XXXXXXXX X
72500 00100011 00100100 0 01000111 0
72800 11000101 10001111 1 XXXXXXXX X
73800 11000101 10001111 1 01010101 1
74100 10010000 10101100 0 XXXXXXXX X
75100 10010000 10101100 0 00111100 1
75400 01011000 10010101 0 XXXXXXXX X
76400 01011000 10010101 0 11101101 0
76700 10100100 00001001 1 XXXXXXXX X
77700 10100100 00001001 1 10101110 0
78000 01100110 01100000 1 XXXXXXXX X
79000 01100110 01100000 1 11000111 0
79300 11011010 01111110 1 XXXXXXXX X
80300 11011010 01111110 1 01011001 1
80600 01001111 01100101 0 XXXXXXXX X
81600 01001111 01100101 0 10110100 0
81900 00011000 10010110 1 XXXXXXXX X
82900 00011000 10010110 1 10101111 0
83200 01111011 00000110 0 XXXXXXXX X
84200 01111011 00000110 0 10000001 0
84500 10011001 11111000 1 XXXXXXXX X
85500 10011001 11111000 1 10010010 1
85800 00011100 10010110 0 XXXXXXXX X
86800 00011100 10010110 0 10110010 0
87100 11000010 00001101 0 XXXXXXXX X
88100 11000010 00001101 0 11001111 0
88400 00100110 10100010 1 XXXXXXXX X
89400 00100110 10100010 1 11001001 0
89700 01100101 00001001 0 XXXXXXXX X
90700 01100101 00001001 0 01101110 0
91000 10111100 01111101 1 XXXXXXXX X
92000 10111100 01111101 1 00111010 1
92300 01010111 00110100 1 XXXXXXXX X
93300 01010111 00110100 1 10001100 0
93600 01001100 01100100 0 XXXXXXXX X
94600 01001100 01100100 0 10110000 0
94900 01110000 10001010 0 XXXXXXXX X
95900 01110000 10001010 0 11111010 0
96200 01101010 01111000 0 XXXXXXXX X
97200 01101010 01111000 0 11100010 0
97500 00100111 00101111 0 XXXXXXXX X
98500 00100111 00101111 0 01010110 0
98800 01100010 11011001 1 XXXXXXXX X
99800 01100010 11011001 1 00111100 1
100100 01011111 01010001 0 XXXXXXXX X
101100 01011111 01010001 0 10110000 0
101400 10100101 01100110 1 XXXXXXXX X
102400 10100101 01100110 1 00001100 1
102700 00111110 00010111 1 XXXXXXXX X
103700 00111110 00010111 1 01010110 0
104000 00100010 01000011 1 XXXXXXXX X
105000 00100010 01000011 1 01100110 0
105300 10011011 00010111 1 XXXXXXXX X
106300 10011011 00010111 1 10110011 0
106600 01101111 10000110 1 XXXXXXXX X
107600 01101111 10000110 1 11110110 0
107900 01111011 00010110 0 XXXXXXXX X
108900 01111011 00010110 0 10010001 0
109200 00101001 10100000 1 XXXXXXXX X
110200 00101001 10100000 1 11001010 0
110500 10001111 00001110 0 XXXXXXXX X
111500 10001111 00001110 0 10011101 0
111800 01100011 11110111 0 XXXXXXXX X
112800 01100011 11110111 0 01011010 1
113100 10100011 00100011 1 XXXXXXXX X
114100 10100011 00100011 1 11000111 0
114400 11001100 10111010 0 XXXXXXXX X
115400 11001100 10111010 0 10000110 1
115700 01010111 11001110 1 XXXXXXXX X
116700 01010111 11001110 1 00100110 1
117000 10110011 11011001 1 XXXXXXXX X
118000 10110011 11011001 1 10001101 1
118300 11001000 10001011 0 XXXXXXXX X
119300 11001000 10001011 0 01010011 1
119600 10101100 00010001 0 XXXXXXXX X
120600 10101100 00010001 0 10111101 0
120900 01111001 10010101 0 XXXXXXXX X
121900 01111001 10010101 0 00001110 1
122200 01101110 01010101 0 XXXXXXXX X
123200 01101110 01010101 0 11000011 0
123500 00110011 10000011 1 XXXXXXXX X
124500 00110011 10000011 1 10110111 0
124800 00001001 11100111 0 XXXXXXXX X
125800 00001001 11100111 0 11110000 0
126100 10010000 10111001 1 XXXXXXXX X
127100 10010000 10111001 1 01001010 1
127400 00011100 10110001 0 XXXXXXXX X
128400 00011100 10110001 0 11001101 0
128700 10001100 00010011 1 XXXXXXXX X
129700 10001100 00010011 1 10100000 0
