radix 1 1 1 1 1 1 1 1 1 1 1 1 1 1 1 1 1 1 1 1 1 1 1 1 1 1
vname A[7:0] B[7:0] Cin S[7:0] Cout
io i i i i i i i i i i i i i i i i i o o o o o o o o o
tunit ps
trise 50p
tfall 50p
vih 1
vil 0
voh 0.95
vol 0.01

0 11000001 00101011 0 XXXXXXXX X
100 11000001 00101011 0 11101100 0
150 10000101 11000000 0 XXXXXXXX X
250 10000101 11000000 0 01000101 1
300 11101011 10001111 0 XXXXXXXX X
400 11101011 10001111 0 01111010 1
450 01111010 00000111 0 XXXXXXXX X
550 01111010 00000111 0 10000001 0
600 01111110 11111100 0 XXXXXXXX X
700 01111110 11111100 0 01111010 1
750 11011001 11110001 0 XXXXXXXX X
850 11011001 11110001 0 11001010 1
900 11010101 00111010 1 XXXXXXXX X
1000 11010101 00111010 1 00010000 1
1050 01101011 10010110 0 XXXXXXXX X
1150 01101011 10010110 0 00000001 1
1200 01000001 10010010 1 XXXXXXXX X
1300 01000001 10010010 1 11010100 0
1350 00100010 11010000 0 XXXXXXXX X
1450 00100010 11010000 0 11110010 0
1500 10011101 11010011 0 XXXXXXXX X
1600 10011101 11010011 0 01110000 1
1650 10110110 10010001 1 XXXXXXXX X
1750 10110110 10010001 1 01001000 1
1800 01110001 00100111 0 XXXXXXXX X
1900 01110001 00100111 0 10011000 0
1950 00111000 10101100 1 XXXXXXXX X
2050 00111000 10101100 1 11100101 0
2100 00000001 11111011 1 XXXXXXXX X
2200 00000001 11111011 1 11111101 0
2250 00110010 11001100 1 XXXXXXXX X
2350 00110010 11001100 1 11111111 0
2400 11001110 11011000 0 XXXXXXXX X
2500 11001110 11011000 0 10100110 1
2550 11110110 11001100 1 XXXXXXXX X
2650 11110110 11001100 1 11000011 1
2700 11010101 00010000 0 XXXXXXXX X
2800 11010101 00010000 0 11100101 0
2850 10111101 10011111 1 XXXXXXXX X
2950 10111101 10011111 1 01011101 1
3000 00110100 01111100 1 XXXXXXXX X
3100 00110100 01111100 1 10110001 0
3150 11100110 10011001 1 XXXXXXXX X
3250 11100110 10011001 1 10000000 1
3300 10110001 01001000 0 XXXXXXXX X
3400 10110001 01001000 0 11111001 0
3450 00111111 11100000 1 XXXXXXXX X
3550 00111111 11100000 1 00100000 1
3600 11011111 00101111 1 XXXXXXXX X
3700 11011111 00101111 1 00001111 1
3750 01011000 11100010 0 XXXXXXXX X
3850 01011000 11100010 0 00111010 1
3900 00110111 11010101 1 XXXXXXXX X
4000 00110111 11010101 1 00001101 1
4050 10110111 11110101 0 XXXXXXXX X
4150 10110111 11110101 0 10101100 1
4200 11010000 10110010 0 XXXXXXXX X
4300 11010000 10110010 0 10000010 1
4350 10110000 11101101 1 XXXXXXXX X
4450 10110000 11101101 1 10011110 1
4500 01011001 01111011 0 XXXXXXXX X
4600 01011001 01111011 0 11010100 0
4650 10111010 00010111 1 XXXXXXXX X
4750 10111010 00010111 1 11010010 0
4800 10011011 01000001 0 XXXXXXXX X
4900 10011011 01000001 0 11011100 0
4950 01111011 11001010 0 XXXXXXXX X
5050 01111011 11001010 0 01000101 1
5100 00101101 00001010 1 XXXXXXXX X
5200 00101101 00001010 1 00111000 0
5250 00011110 00111001 0 XXXXXXXX X
5350 00011110 00111001 0 01010111 0
5400 01101111 00101010 1 XXXXXXXX X
5500 01101111 00101010 1 10011010 0
5550 11111101 10001011 0 XXXXXXXX X
5650 11111101 10001011 0 10001000 1
5700 00011101 01010100 0 XXXXXXXX X
5800 00011101 01010100 0 01110001 0
5850 00011011 10011001 0 XXXXXXXX X
5950 00011011 10011001 0 10110100 0
6000 11100011 10110011 1 XXXXXXXX X
6100 11100011 10110011 1 10010111 1
6150 11111010 00100011 1 XXXXXXXX X
6250 11111010 00100011 1 00011110 1
6300 00110110 11111110 1 XXXXXXXX X
6400 00110110 11111110 1 00110101 1
6450 10111000 11110010 1 XXXXXXXX X
6550 10111000 11110010 1 10101011 1
6600 01100001 00011001 0 XXXXXXXX X
6700 01100001 00011001 0 01111010 0
6750 00100000 01110000 0 XXXXXXXX X
6850 00100000 01110000 0 10010000 0
6900 00101001 11010111 0 XXXXXXXX X
7000 00101001 11010111 0 00000000 1
7050 00010000 00111011 0 XXXXXXXX X
7150 00010000 00111011 0 01001011 0
7200 11111101 10010110 1 XXXXXXXX X
7300 11111101 10010110 1 10010100 1
7350 00110001 10100001 1 XXXXXXXX X
7450 00110001 10100001 1 11010011 0
7500 01010000 00101111 0 XXXXXXXX X
7600 01010000 00101111 0 01111111 0
7650 10101110 11101110 1 XXXXXXXX X
7750 10101110 11101110 1 10011101 1
7800 01110100 00100010 1 XXXXXXXX X
7900 01110100 00100010 1 10010111 0
7950 00100001 10000111 1 XXXXXXXX X
8050 00100001 10000111 1 10101001 0
8100 11001100 00110010 0 XXXXXXXX X
8200 11001100 00110010 0 11111110 0
8250 10011111 01101111 1 XXXXXXXX X
8350 10011111 01101111 1 00001111 1
8400 01101010 00110010 0 XXXXXXXX X
8500 01101010 00110010 0 10011100 0
8550 00000001 00010111 1 XXXXXXXX X
8650 00000001 00010111 1 00011001 0
8700 10111101 10001111 0 XXXXXXXX X
8800 10111101 10001111 0 01001100 1
8850 11110010 11101100 1 XXXXXXXX X
8950 11110010 11101100 1 11011111 1
9000 10011010 10111111 1 XXXXXXXX X
9100 10011010 10111111 1 01011010 1
9150 01101000 10111101 0 XXXXXXXX X
9250 01101000 10111101 0 00100101 1
9300 01000010 10000101 1 XXXXXXXX X
9400 01000010 10000101 1 11001000 0
9450 11110111 01011000 0 XXXXXXXX X
9550 11110111 01011000 0 01001111 1
9600 00111110 11110001 0 XXXXXXXX X
9700 00111110 11110001 0 00101111 1
9750 00011011 11010100 0 XXXXXXXX X
9850 00011011 11010100 0 11101111 0
9900 11011100 10100010 0 XXXXXXXX X
10000 11011100 10100010 0 01111110 1
10050 00101001 01001100 0 XXXXXXXX X
10150 00101001 01001100 0 01110101 0
10200 00111111 01100100 1 XXXXXXXX X
10300 00111111 01100100 1 10100100 0
10350 01000111 01001011 0 XXXXXXXX X
10450 01000111 01001011 0 10010010 0
10500 00000011 00011110 0 XXXXXXXX X
10600 00000011 00011110 0 00100001 0
10650 10001100 01100010 1 XXXXXXXX X
10750 10001100 01100010 1 11101111 0
10800 01001101 11011110 0 XXXXXXXX X
10900 01001101 11011110 0 00101011 1
10950 01000010 00001010 0 XXXXXXXX X
11050 01000010 00001010 0 01001100 0
11100 00111010 01111010 1 XXXXXXXX X
11200 00111010 01111010 1 10110101 0
11250 00110110 00110001 0 XXXXXXXX X
11350 00110110 00110001 0 01100111 0
11400 01110011 11010100 1 XXXXXXXX X
11500 01110011 11010100 1 01001000 1
11550 11010101 01000000 1 XXXXXXXX X
11650 11010101 01000000 1 00010110 1
11700 10000000 00111010 0 XXXXXXXX X
11800 10000000 00111010 0 10111010 0
11850 11011101 11101101 1 XXXXXXXX X
11950 11011101 11101101 1 11001011 1
12000 01001100 10110100 0 XXXXXXXX X
12100 01001100 10110100 0 00000000 1
12150 00011011 00110101 0 XXXXXXXX X
12250 00011011 00110101 0 01010000 0
12300 11111001 11010000 1 XXXXXXXX X
12400 11111001 11010000 1 11001010 1
12450 00000000 00111111 0 XXXXXXXX X
12550 00000000 00111111 0 00111111 0
12600 00110011 10101111 1 XXXXXXXX X
12700 00110011 10101111 1 11100011 0
12750 10110011 10110101 0 XXXXXXXX X
12850 10110011 10110101 0 01101000 1
12900 11110100 10111010 0 XXXXXXXX X
13000 11110100 10111010 0 10101110 1
13050 00110110 10101110 1 XXXXXXXX X
13150 00110110 10101110 1 11100101 0
13200 01000000 01010010 0 XXXXXXXX X
13300 01000000 01010010 0 10010010 0
13350 00011011 01001001 0 XXXXXXXX X
13450 00011011 01001001 0 01100100 0
13500 01010011 01000001 0 XXXXXXXX X
13600 01010011 01000001 0 10010100 0
13650 11000100 10101100 0 XXXXXXXX X
13750 11000100 10101100 0 01110000 1
13800 00010000 01000010 0 XXXXXXXX X
13900 00010000 01000010 0 01010010 0
13950 11110110 01110001 0 XXXXXXXX X
14050 11110110 01110001 0 01100111 1
14100 01001001 00011101 1 XXXXXXXX X
14200 01001001 00011101 1 01100111 0
14250 00111100 01001000 1 XXXXXXXX X
14350 00111100 01001000 1 10000101 0
14400 11110110 00011110 0 XXXXXXXX X
14500 11110110 00011110 0 00010100 1
14550 00000110 10100001 0 XXXXXXXX X
14650 00000110 10100001 0 10100111 0
14700 00100101 00101011 0 XXXXXXXX X
14800 00100101 00101011 0 01010000 0
14850 00011001 00100011 0 XXXXXXXX X
14950 00011001 00100011 0 00111100 0
15000 00011111 10111110 0 XXXXXXXX X
15100 00011111 10111110 0 11011101 0
15150 00010100 11011101 1 XXXXXXXX X
15250 00010100 11011101 1 11110010 0
15300 00000001 10001111 1 XXXXXXXX X
15400 00000001 10001111 1 10010001 0
15450 01010100 10010110 0 XXXXXXXX X
15550 01010100 10010110 0 11101010 0
15600 00100111 10000101 0 XXXXXXXX X
15700 00100111 10000101 0 10101100 0
15750 11010111 10110000 1 XXXXXXXX X
15850 11010111 10110000 1 10001000 1
15900 10010111 01000011 1 XXXXXXXX X
16000 10010111 01000011 1 11011011 0
16050 10100111 10001010 0 XXXXXXXX X
16150 10100111 10001010 0 00110001 1
16200 11000101 01000100 0 XXXXXXXX X
16300 11000101 01000100 0 00001001 1
16350 10101010 00001001 1 XXXXXXXX X
16450 10101010 00001001 1 10110100 0
16500 10011100 00100101 0 XXXXXXXX X
16600 10011100 00100101 0 11000001 0
16650 01010001 11010001 1 XXXXXXXX X
16750 01010001 11010001 1 00100011 1
16800 01110101 01110111 1 XXXXXXXX X
16900 01110101 01110111 1 11101101 0
16950 11001111 10111000 1 XXXXXXXX X
17050 11001111 10111000 1 10001000 1
17100 11111101 00000010 1 XXXXXXXX X
17200 11111101 00000010 1 00000000 1
17250 10010101 01110000 1 XXXXXXXX X
17350 10010101 01110000 1 00000110 1
17400 00111001 11110110 1 XXXXXXXX X
17500 00111001 11110110 1 00110000 1
17550 11110001 11010010 0 XXXXXXXX X
17650 11110001 11010010 0 11000011 1
17700 01110000 00000111 1 XXXXXXXX X
17800 01110000 00000111 1 01111000 0
17850 01111011 10101111 0 XXXXXXXX X
17950 01111011 10101111 0 00101010 1
18000 01000010 11010110 1 XXXXXXXX X
18100 01000010 11010110 1 00011001 1
18150 00001000 01111000 0 XXXXXXXX X
18250 00001000 01111000 0 10000000 0
18300 11101101 11001110 0 XXXXXXXX X
18400 11101101 11001110 0 10111011 1
18450 01010111 01101000 1 XXXXXXXX X
18550 01010111 01101000 1 11000000 0
18600 00100101 10001101 0 XXXXXXXX X
18700 00100101 10001101 0 10110010 0
18750 00011101 01011010 0 XXXXXXXX X
18850 00011101 01011010 0 01110111 0
18900 11110000 11010111 1 XXXXXXXX X
19000 11110000 11010111 1 11001000 1
19050 10000001 11100111 1 XXXXXXXX X
19150 10000001 11100111 1 01101001 1
19200 10101101 10101100 1 XXXXXXXX X
19300 10101101 10101100 1 01011010 1
19350 00000011 11001000 1 XXXXXXXX X
19450 00000011 11001000 1 11001100 0
19500 01110100 00010011 0 XXXXXXXX X
19600 01110100 00010011 0 10000111 0
19650 01101100 11010010 1 XXXXXXXX X
19750 01101100 11010010 1 00111111 1
19800 10100110 01011101 0 XXXXXXXX X
19900 10100110 01011101 0 00000011 1
19950 01100100 00010111 1 XXXXXXXX X
20050 01100100 00010111 1 01111100 0
20100 10111001 00001011 0 XXXXXXXX X
20200 10111001 00001011 0 11000100 0
20250 11100100 11111101 0 XXXXXXXX X
20350 11100100 11111101 0 11100001 1
20400 00111000 11010110 1 XXXXXXXX X
20500 00111000 11010110 1 00001111 1
20550 01000101 11001000 1 XXXXXXXX X
20650 01000101 11001000 1 00001110 1
20700 10100100 11001111 0 XXXXXXXX X
20800 10100100 11001111 0 01110011 1
20850 10011111 11010111 1 XXXXXXXX X
20950 10011111 11010111 1 01110111 1
21000 01011110 11000011 1 XXXXXXXX X
21100 01011110 11000011 1 00100010 1
21150 01100100 11010111 0 XXXXXXXX X
21250 01100100 11010111 0 00111011 1
21300 01011110 01010000 1 XXXXXXXX X
21400 01011110 01010000 1 10101111 0
21450 11100110 01000100 1 XXXXXXXX X
21550 11100110 01000100 1 00101011 1
21600 11000011 01111000 1 XXXXXXXX X
21700 11000011 01111000 1 00111100 1
21750 11101101 01000100 0 XXXXXXXX X
21850 11101101 01000100 0 00110001 1
21900 00000011 11101100 1 XXXXXXXX X
22000 00000011 11101100 1 11110000 0
22050 01011000 01110010 0 XXXXXXXX X
22150 01011000 01110010 0 11001010 0
22200 01100001 11110100 0 XXXXXXXX X
22300 01100001 11110100 0 01010101 1
22350 00110010 10110110 1 XXXXXXXX X
22450 00110010 10110110 1 11101001 0
22500 11110000 11100110 1 XXXXXXXX X
22600 11110000 11100110 1 11010111 1
22650 01001101 00100011 0 XXXXXXXX X
22750 01001101 00100011 0 01110000 0
22800 10100100 00110110 1 XXXXXXXX X
22900 10100100 00110110 1 11011011 0
22950 11100010 01000000 1 XXXXXXXX X
23050 11100010 01000000 1 00100011 1
23100 00111000 10011100 1 XXXXXXXX X
23200 00111000 10011100 1 11010101 0
23250 01010110 11000111 0 XXXXXXXX X
23350 01010110 11000111 0 00011101 1
23400 01001010 11100110 0 XXXXXXXX X
23500 01001010 11100110 0 00110000 1
23550 11001101 10111110 1 XXXXXXXX X
23650 11001101 10111110 1 10001100 1
23700 10100001 01101000 1 XXXXXXXX X
23800 10100001 01101000 1 00001010 1
23850 00011011 11010111 0 XXXXXXXX X
23950 00011011 11010111 0 11110010 0
24000 00110001 01001111 0 XXXXXXXX X
24100 00110001 01001111 0 10000000 0
24150 01110011 01101110 1 XXXXXXXX X
24250 01110011 01101110 1 11100010 0
24300 00001000 00011101 1 XXXXXXXX X
24400 00001000 00011101 1 00100110 0
24450 01001010 11111111 1 XXXXXXXX X
24550 01001010 11111111 1 01001010 1
24600 00010001 01111111 0 XXXXXXXX X
24700 00010001 01111111 0 10010000 0
24750 00110011 11010001 0 XXXXXXXX X
24850 00110011 11010001 0 00000100 1
24900 10111110 10100010 0 XXXXXXXX X
25000 10111110 10100010 0 01100000 1
25050 01001011 10100010 0 XXXXXXXX X
25150 01001011 10100010 0 11101101 0
25200 11111001 11011110 0 XXXXXXXX X
25300 11111001 11011110 0 11010111 1
25350 01100110 10101110 1 XXXXXXXX X
25450 01100110 10101110 1 00010101 1
25500 11011001 10111101 1 XXXXXXXX X
25600 11011001 10111101 1 10010111 1
25650 11111110 11100100 1 XXXXXXXX X
25750 11111110 11100100 1 11100011 1
25800 01001100 01010111 0 XXXXXXXX X
25900 01001100 01010111 0 10100011 0
25950 11111001 11101001 1 XXXXXXXX X
26050 11111001 11101001 1 11100011 1
26100 10011000 00101010 0 XXXXXXXX X
26200 10011000 00101010 0 11000010 0
26250 01111100 01100011 0 XXXXXXXX X
26350 01111100 01100011 0 11011111 0
26400 11101110 10111111 1 XXXXXXXX X
26500 11101110 10111111 1 10101110 1
26550 01010111 10111011 1 XXXXXXXX X
26650 01010111 10111011 1 00010011 1
26700 11001001 11010110 0 XXXXXXXX X
26800 11001001 11010110 0 10011111 1
26850 00010100 10100011 0 XXXXXXXX X
26950 00010100 10100011 0 10110111 0
27000 11111111 11011010 1 XXXXXXXX X
27100 11111111 11011010 1 11011010 1
27150 10101011 01000100 0 XXXXXXXX X
27250 10101011 01000100 0 11101111 0
27300 11110111 00111001 1 XXXXXXXX X
27400 11110111 00111001 1 00110001 1
27450 11101101 11110010 0 XXXXXXXX X
27550 11101101 11110010 0 11011111 1
27600 00100100 10101011 0 XXXXXXXX X
27700 00100100 10101011 0 11001111 0
27750 11010111 10111111 0 XXXXXXXX X
27850 11010111 10111111 0 10010110 1
27900 10010111 10110001 0 XXXXXXXX X
28000 10010111 10110001 0 01001000 1
28050 10011000 10100101 1 XXXXXXXX X
28150 10011000 10100101 1 00111110 1
28200 00100011 10100001 1 XXXXXXXX X
28300 00100011 10100001 1 11000101 0
28350 11011000 00001001 1 XXXXXXXX X
28450 11011000 00001001 1 11100010 0
28500 01001100 01011110 0 XXXXXXXX X
28600 01001100 01011110 0 10101010 0
28650 11000000 00001010 0 XXXXXXXX X
28750 11000000 00001010 0 11001010 0
28800 11001010 10110001 1 XXXXXXXX X
28900 11001010 10110001 1 01111100 1
28950 11100011 01100010 0 XXXXXXXX X
29050 11100011 01100010 0 01000101 1
29100 00011101 10110011 1 XXXXXXXX X
29200 00011101 10110011 1 11010001 0
29250 11100111 11001011 0 XXXXXXXX X
29350 11100111 11001011 0 10110010 1
29400 01111100 00101100 1 XXXXXXXX X
29500 01111100 00101100 1 10101001 0
29550 11110010 11110101 1 XXXXXXXX X
29650 11110010 11110101 1 11101000 1
29700 00101000 01111111 0 XXXXXXXX X
29800 00101000 01111111 0 10100111 0
29850 10011111 10000000 0 XXXXXXXX X
29950 10011111 10000000 0 00011111 1
